626
268
1673
2016
2042
1667
1775
1096
1942
328
374
903
928
2334
549
1203
1737
447
849
204
469
1368
1019
1427
936
1159
1713
1127
1611
1029
284
1954
1554
959
1885
370
2145
733
671
1909
1879
872
209
1851
961
97
1920
1052
1265
630
1525
1465
557
1006
867
326
345
190
1070
1466
1298
79
272
1705
206
1497
1236
870
1873
1509
716
2289
1874
683
2061
1263
1773
2169
1147
1084
980
1199
2338
2152
646
1719
926
2112
137
2163
1400
1274
2285
1363
1424
2249
1807
848
644
2294
1884
1405
787
183
153
1917
192
1285
1778
36
37
2175
2065
1216
487
1803
1727
2335
581
513
2304
571
1228
1388
382
703
1755
270
81
1527
329
674
188
1549
2010
1149
2318
2139
707
2331
1980
1334
913
1328
250
668
1409
2211
2293
1443
517
1472
384
1952
1453
229
1434
1438
1532
1204
493
2239
52
634
1502
2230
2007
486
1432
1215
2129
1296
508
1198
1893
624
75
2015
798
2312
973
1684
166
763
394
1569
904
1535
708
1838
1871
1800
705
1651
1666
1047
2070
218
2203
2296
1391
1209
1922
558
1161
979
771
826
1222
900